100
-99.7497 12.7171
-61.3392 61.7481
17.0019 -4.0254
-29.9417 79.1925
64.568 49.321
-65.1784 71.7887
42.1003 2.70699
-39.201 -97.0031
-81.7194 -27.1096
-70.5374 -66.8203
97.705 -10.8615
-76.1834 -99.0661
-98.2177 -24.424
6.33259 14.2369
20.3528 21.4331
-66.7531 32.609
-9.84222 -29.5755
-88.5922 21.5369
56.6637 60.5213
3.97655 -39.61
75.1945 45.3352
91.1801 85.1436
7.87072 -71.5323
-7.58385 -52.9344
72.4479 -58.0798
55.9313 68.7307
99.3591 99.9389
22.2999 -21.5125
-46.7574 -40.5438
68.0288 -95.2513
-24.8268 -81.4753
35.4411 -88.757
-98.2421 83.758
-44.8225 -45.4207
17.5817 38.2366
67.5222 45.2986
-3.01218 -58.9282
48.7472 -6.30818
-8.40785 89.8312
48.8876 -78.3441
19.8096 -22.953
47.0016 21.7933
14.481 -27.7322
-69.689 -54.9791
-14.9693 60.5762
3.42112 97.998
50.3098 -30.8878
-66.2038 31.4615
-1.62054 -87.2921
39.9518 0.961327
-70.5008 89.9167
-71.6849 81.0236
38.5784 -39.3902
-14.6886 -85.9249
93.3225 36.6375
-69.3533 75.4509
64.3361 16.4098
-61.7298 -64.4215
63.4388 -4.94705
-68.8894 0.784325
46.4034 -18.8818
-44.084 13.7486
36.4483 51.1704
44.3831 -4.94095
-75.396 -26.4382
66.9362 -92.9807
3.40281 32.5968
-14.7557 -79.0643
89.8678 84.2769
9.90936 -30.8023
-5.65508 -25.0038
69.396 -36.6253
-8.78018 -45.6221
96.5941 -40.4401
47.8378 13.4556
-60.802 52.2629
67.8884 -20.4688
0.180054 78.0328
-94.5067 98.9257
14.5176 -89.8984
6.26544 -61.1866
68.6087 25.3517
31.5226 -60.4297
68.4316 -75.3349
-78.0145 48.6251
-37.1868 88.2137
-42.7839 -32.7372
-71.9474 46.617
66.924 41.5998
20.0476 49.443
-49.4552 -71.1051
-99.6765 -87.7987
61.2476 70.5252
-57.8845 -76.8792
10.6418 -97.1496
-77.2454 -9.09757
50.444 37.2295
8.68861 -85.2229
-12.656 -59.6118
39.2437 -41.9294
