151
-498 63
-306 308
85 -20
-149 395
322 246
-325 358
210 13
-196 -485
-408 -135
-352 -334
488 -54
-380 -495
-491 -122
31 71
101 107
-333 163
-49 -147
-442 107
283 302
19 -198
375 226
455 425
39 -357
-37 -264
362 -290
279 343
496 499
111 -107
-233 -202
340 -476
-124 -407
177 -443
-491 418
-224 -227
87 191
337 226
-15 -294
243 -31
-42 449
244 -391
99 -114
235 108
72 -138
-348 -274
-74 302
17 489
251 -154
-331 157
-8 -436
199 4
-352 449
-358 405
192 -196
-73 -429
466 183
-346 377
321 82
-308 -322
317 -24
-344 3
232 -94
-220 68
182 255
221 -24
-376 -132
334 -464
17 162
-73 -395
449 421
49 -154
-28 -125
346 -183
-43 -228
482 -202
239 67
-304 261
339 -102
0 390
-472 494
72 -449
31 -305
343 126
157 -302
342 -376
-390 243
-185 441
-213 -163
-359 233
334 207
100 247
-247 -355
-498 -438
306 352
-289 -384
53 -485
-386 -45
252 186
43 -426
-63 -298
196 -209
-63 -267
77 32
128 -339
4 463
195 424
-310 -164
-321 495
-42 498
-402 125
-405 -62
431 -451
394 -209
-272 269
-89 -298
128 104
-48 -33
97 134
354 328
124 220
65 -124
-315 237
55 405
-257 -311
104 198
84 -148
-5 -419
240 112
120 191
304 -350
76 367
411 114
227 -456
167 476
-184 69
-194 -326
-391 369
351 244
-345 -173
-420 -423
140 320
45 -51
-91 -201
-34 1
-347 -176
237 -186
326 459
373 225
-199 443
-372 -434
284 24
109 456
